636
100
785
776
561
948
803
474
878
591
362
682
47
857
901
194
97
686
975
298
692
404
500
307
436
777
109
201
67
140
735
297
694
212
381
223
768
587
190
409
453
513
935
938
647
337
267
845
213
669
764
424
848
788
970
92
571
800
853
559
414
408
118
974
282
983
348
395
252
358
493
160
431
257
190
783
249
214
94
634
332
816
650
256
114
507
842
859
375
566
891
455
870
661
541
63
339
878
500
727
977
254
399
935
272
740
107
571
733
412
55
499
585
130
621
701
910
468
205
5
270
412
552
361
244
441
796
128
893
463
926
336
917
644
840
949
42
793
183
485
977
234
83
86
115
180
246
184
186
634
414
954
342
710
585
494
129
467
420
213
917
933
930
443
481
296
463
460
879
901
944
37
478
519
576
598
370
388
870
537
700
740
632
881
515
994
202
68
384
65
167
466
314
191
297
402
657
876
230
241
218
200
838
851
30
272
964
677
916
994
72
208
191
968
700
518
5
295
571
45
370
268
966
210
590
359
565
339
813
938
429
198
147
146
522
604
379
83
991
908
101
585
325
600
481
439
895
607
352
425
30
952
361
162
32
698
849
364
127
225
300
241
712
228
156
143
833
947
8
694
81
451
873
706
977
821
584
280
190
787
559
205
526
997
37
796
252
595
225
857
967
300
750
322
372
946
269
719
903
383
861
365
956
604
307
4
351
983
851
641
37
418
295
347
27
61
774
275
130
898
77
181
337
409
686
914
361
12
901
33
397
973
46
685
450
462
663
926
254
908
583
851
562
156
697
396
730
259
616
319
35
475
37
854
897
185
385
948
952
203
274
512
208
593
350
536
745
29
981
236
31
863
619
313
350
62
58
884
766
294
260
433
929
292
872
409
879
40
123
752
537
716
241
876
719
218
864
897
366
149
24
542
352
13
474
425
410
909
349
178
529
207
273
255
344
844
50
97
410
592
888
568
932
845
633
864
210
778
23
847
627
889
353
337
886
230
993
194
666
794
347
344
878
949
156
208
234
616
938
387
144
249
878
106
435
980
653
328
959
11
765
97
617
720
720
912
445
56
567
89
603
15
663
876
146
634
249
838
202
453
276
125
97
969
268
539
134
130
603
831
662
884
303
77
69
243
738
32
363
9
829
12
832
278
502
731
616
962
848
675
829
878
411
413
680
52
778
833
609
515
196
831
283
57
385
711
928
243
245
932
489
795
433
451
949
352
826
662
418
770
885
685
331
71
569
678
169
571
82
225
966
478
958
325
350
510
736
921
459
313
124
190
583
598
261
233
725
609
45
421
639
728
725
341
322
764
659
579
286
769
249
513
117
403
932
470
181
980
83
5
410
896
164
216
162
520
662
591
211
542
876
618
618
341
99
60
235
843
508
347
87
939
688
40
834
77
246
604
493
572
795
78
974
864
121
213
344
365
960
132
183
993
556
795
339
760
362
570
716
786
634
912
383
629
887
716
720
618
323
94
379
38
514
167
37
522
183
600
528
710
655
528
458
245
855
765
637
978
538
410
969
433
415
942
884
252
98
912
622
406
288
416
11
437
314
896
836
518
254
408
166
113
689
807
339
942
226
51
177
334
926
895
868
777
757
507
755
925
476
930
541
832
341
99
195
45
556
6
74
849
762
6
445
809
109
305
969
373
200
54
628
135
375
612
809
71
532
34
357
619
162
908
20
199
701
169
299
771
525
976
344
839
734
833
688
314
984
172
75
424
27
724
329
533
505
540
659
960
915
561
528
529
986
487
934
288
994
989
164
817
959
511
201
42
929
547
436
596
148
835
174
799
837
879
443
63
186
525
666
875
588
984
855
936
380
98
601
378
508
886
279
467
71
302
490
877
713
979
844
277
365
87
254
956
129
587
853
604
392
18
146
71
677
191
355
925
536
238
439
186
689
27
46
101
156
602
92
937
240
299
496
610
103
227
897
312
237
809
903
542
828
54
826
560
947
59
423
47
161
269
651
856
977
436
303
876
803
723
518
566
854
481
699
861
397
744
644
379
970
767
586
334
881
91
597
863
260
577
395
243
826
709
20
413
42
504
417
963
358
203
728
810
926
661
312
333
393
968
183
164
415
125
12
315
756
671
662
558
231
937
68
786
667
204
695
941
426
369
775
186
60
778
529
638
260
543
684
184
515
254
625
563
704
303
971
312
631
9
840
224
467
196
99
776
597
266
130
983
534
379
449
618
785
177
147
545
717
793
614
178
562
167
527
635
678
218
345
796
839
89
153
628
382
322
661
708
746
275
713
216