5092
5445
7487
2452
4413
9830
7508
263
7027
2087
9941
3414
3454
3193
6150
8630
1831
6518
1754
1547
7528
874
937
2034
34
653
9254
4190
9654
938
8982
8023
3496
348
3979
9993
7365
7897
8646
36
9895
5713
197
3744
6292
1650
856
9044
6471
7937
7243
4060
2218
1046
3373
8718
7975
839
9564
6783
6014
2148
2922
1225
5514
4219
870
4012
1900
5175
1289
9067
1570
4832
8522
7354
4577
502
3612
9104
7723
3921
4682
1029
3721
3832
9800
856
1807
9421
101
3145
5616
2129
3322
1709
9126
2045
710
8291
2397
7842
8426
1265
2074
5369
8641
9747
6497
9056
7751
7465
957
3001
9466
8556
8399
5366
6067
4654
7703
5574
304
8837
4757
4950
5171
74
1294
7865
6933
6374
8926
8225
7035
8929
6014
842
8316
6164
5109
5353
752
9895
6867
8559
719
5381
8572
8094
5249
7562
8455
4968
2923
7043
794
4665
5425
1339
5607
7393
4493
8309
2385
1519
1282
5565
8278
4232
5105
9660
735
3776
8681
7377
1476
3013
4972
1172
5839
888
7279
7017
9256
2427
5935
7619
6074
2896
9731
9622
1959
5982
1415
733
1464
3729
9074
1575
9288
678
206
1843
1684
7498
6304
4353
3268
7229
4908
4055
5850
766
467
1324
2587
3076
5777
5398
9521
977
1338
7771
3844
3283
3675
7105
967
6817
876
8149
4311
4371
5974
8740
8988
3615
6241
9825
9012
7637
4577
7766
4244
8808
6127
9824
6109
3838
5782
7056
7943
9256
2946
6549
3591
9977
1081
4455
4770
912
7784
3021
4706
6692
1971
8733
7257
2113
441
1475
9532
460
607
7303
9886
8383
2649
9693
3720
9501
311
197
7775
8962
5589
3527
6014
9155
8110
7038
8998
9892
6654
9155
5159
9413
2108
5909
9403
275
3761
2297
860
3321
9017
9322
3744
3825
5395
5247
3163
6720
2157
6307
6983
1316
566
1281
8747
2842
3519
6843
5799
8422
7131
5353
7561
4796
6815
9016
121
7176
8726
3121
5754
7959
3633
7190
188
9809
614
642
671
771
2142
9491
9955
4234
351
3152
3840
499
1553
8882
6359
9687
3196
7088
6249
2681
4250
9502
7467
8743
2427
8005
847
4131
7933
2746
6074
7746
5967
8852
7424
2736
9770
7468
6868
8375
6811
8770
1178
1610
6131
7664
676
8736
3919
2898
1324
1284
3084
9102
3457
7341
2081
1447
2475
1643
2109
5946
8366
5163
8392
4728
2787
9021
9729
4328
5517
270
5018
6236
5890
4418
3736
3643
2193
4291
1559
5425
7557
7697
8053
3904
4661
6636
8800
2003
8346
1801
4642
9422
2303
498
7285
1406
7855
6726
300
7297
6573
1961
9650
4882
4053
5240
429
3930
4570
1321
6918
3971
7157
2970
4889
4886
1339
7696
9603
5438
5230
2340
2519
2117
2232
2795
4084
6916
1447
7318
431
838
7162
9940
1021
859
8541
1028
537
8754
6704
5169
6933
3684
1094
8829
2258
7738
5181
123
9827
7532
3260
6250
3712
6335
3082
6999
5666
3352
3444
2452
6022
6028
9808
7360
446
1326
7839
5978
7839
6556
3295
1215
837
7131
9968
6491
937
4538
6492
4655
4732
757
7080
7338
2019
4740
9356
9410
2021
4178
859
3743
6070
2260
4898
3798
3777
1482
6901
3353
1222
7160
3553
768
420
3835
2178
5517
4723
7897
9884
6140
6943
947
8804
313
3330
3256
3405
8683
5668
4974
946
9404
8536
6605
9031
4744
9546
7408
6637
4866
7618
2801
5275
3446
3656
6420
8140
9743
9740
6820
1948
6778
306
2002
1830
7308
7953
6174
7460
2626
3625
7699
7452
4338
8515
3091
131
4784
4538
7557
2414
12
7869
5968
4500
7458
8312
8872
5367
7614
249
4688
1401
7470
3138
3185
8862
9517
6334
1026
7358
1718
185
6230
5527
4126
3682
2920
2985
6961
1135
300
3746
7277
9347
3501
6876
8418
8869
4495
5708
5589
7929
7864
7642
4082
2429
5442
2563
9585
3141
4781
7691
1949
3832
9138
4087
6934
8491
1237
1850
1483
3769
115
1506
1243
7718
6636
1959
1262
6052
4423
4924
9143
4570
865
4454
4335
7116
7251
5012
1260
4530
1906
9928
8068
5742
3123
2847
9368
9858
4330
4907
1861
7840
966
6034
1231
6853
6465
5274
4298
4238
6260
9735
7204
101
2678
8952
770
7679
6158
5074
9572
4146
3749
3466
7191
7140
8745
4300
7947
3896
9505
5411
734
5207
5300
2411
8299
3144
3856
6321
1964
1993
3798
6433
1051
9564
4362
7303
4245
7872
5679
5872
6576
4690
9098
4884
7173
2454
2605
942
5733
1632
6958
7693
7615
4414
1158
6173
1820
2544
8822
3086
3953
9679
1008
2537
5049
1343
9151
2049
3976
553
2739
1188
4414
5267
5576
7408
9608
7840
3487
9764
7430
338
4974
9041
6327
783
9643
83
2764
6726
6786
2251
9775
9756
928
3024
1501
2450
879
8069
2093
4461
3535
7535
8161
3531
366
8658
1270
3673
6789
2082
2943
3781
5145
2372
9785
5625
1061
466
9230
6410
7337
8913
8265
130
4648
6794
2148
8959
6272
9906
5995
431
4048
7909
2800
1071
5725
2573
6969
4453
9265
5489
7221
8083
530
8906
3221
8229
8130
6116
8147
6839
7659
3907
1317
2625
8946
8314
2254
6122
3584
3287
1368
1369
369
9233
8686
8055
9654
4595
5840
962
1006
4649
2046
1712
2065
7145
4215
9211
8660
1962
7495
2550
4582
909
5687
9874
3086
9428
3158
4655
9325
2592
7792
5224
8538
1737
5193
8355
263
6956
5527
3616
8649
6592
7184
1223
4724
7122
3844
3950
8124
9995
6555
4688
3517
95
186
5278
9926
5990
3652
6143
8499
3070
3766
7839
3041
5563
8313
7238
1659
7290
1323
5556
4774
5501
1975
8718
9208
4867
1966
3262
5647
7860
7277
5481
8439
4250
2303
3490
655
1870
9557
5481
4422
1619
6031
2439
7728
2451
1742
4380
4303
7109
4571
4772
5542
9925
1854
3553
5062
9006
818
6924
914
8926
6269
5969
177
1113
994
7439
5762
3958
4553
6054
5785
4657
4638
9958
4599
1438
6094
8915
8869
414
6984
9766
1338
583
8696
302
1274
955
7621
8829
1897
2264
2971
462
565
348
6986
9640
6918
4477
5804
9159
6688
873
5559
6041
5940
6924
3703
2258
7269
6921
1225
3822
2085
6590
9657
7428
4806
5421
6989
5872
4011
7449
6691
7699
1685
732
4284
1438
8064
7272
8122
7527
3352
3032
6647
7183
3442
1059
2092
5271
7905
65
4219
5130
8035
3313
8528
9149
1377
2241
2383
5949
3033
5571
9353
6484
8488
327
7696
7210
6676
1639
2692
5102
3630
8193
9482
2661
1051
4341
1266
9321
1995
2765
9028
5991
6451
2000
3608
1499
3629
1524
3421
815
9085
3232
2276
5998
5160
5340
7222
3083
8797
5643
994
6417
8991
6144
5522
8566
3777
6262
3128
3953
6509
8740
1620
1030
1187
7773
1611
3177
6639
317
1134
9445
9179
1489
2626
6827
3169
3395
5623
1415
1888
9013
6300
68
7916
1932
3407
7221
2000
8290
6374
6348
8156
8010
7100
5863
7914
9882
1266
906
6701
3768
7790
9814
9157
1556
5077
9384
2675
7646
7521
1052
8532
6690
1650
4971
6761
4480
3367
9595
3407
4472
3155
2392
5465
4956
6499
9243
9807
56
6969
6867
4689
3466
5884
9666
1748
2288
4801
9375
6608
4575
1187
4654
2826
3137
3062
8437
2978
3403
3365
9196
5584
9634
7780
2056
3224
937
2676
7754
2678
4829
6930
1082
3746
9499
7721
7336
7529
5968
6093
6250
1367
2194
1198
9390
9835
9234
5907
1532
9306
4039
4666
9119
2546
1567
8597
9967
244
2743
418
9825
4161
7435
7456
4994
5801
7589
5021
349
5249
9851
1583
516
1927
1748
3604
4966
4412
9584
2797
4470
9586
2267
3370
8566
4793
2980
6741
9202
1921
9861
633
4695
3214
6652
1430
2139
3826
9159
9137
4479
737
7785
8207
2623
2207
1597
1305
9370
2981
7201
7195
1031
5684
431
3421
680
4308
6964
3825
4780
8985
2614
3658
3227
8284
1073
1592
6427
4953
2367
1964
1682
9398
3157
3375
8101
5894
1476
5177
8057
9352
2109
8674
7695
7183
9775
5638
774
8184
1775
987
6451
2122
4895
4729
5416
546
7025
5866
5990
7198
7063
3983
2839
4018
4472
1781
2838
9834
7228
4825
5166
7173
3247
1209
1870
2242
8233
769
635
9422
8216
530
6043
3181
8540
8022
109
5327
9748
1692
3527
3478
8911
3702
3750
7142
7012
3520
7771
9827
6091
6699
7492
8002
1194
7405
9226
1404
8085
9236
9584
2981
470
3353
88
5594
8012
109
3310
3156
7999
850
3494
3951
3206
5098
7179
832
2126
4826
5321
1166
2248
5110
9882
7310
8910
9342
3913
1115
105
5708
9942
6485
5976
1179
6038
9524
8741
7815
5509
395
2415
4574
5240
4834
1917
3757
317
8993
3704
8573
6034
8864
6497
810
3041
9981
6143
3110
7319
7914
3627
8294
850
5366
5665
4774
6276
2910
5812
9868
143
5948
6932
9887
6425
355
295
5085
7963
1342
7614
3388
3436
4993
4964
4827
7412
1885
7349
1277
5266
531
7287
9672
342
6670
7784
8312
8557
7748
6317
4058
3471
9313
5412
2452
4890
3204
2314
2905
6916
9620
225
4051
4172
3942
6166
2616
8358
270
4841
2662
2508
3150
3010
1919
4181
5783
5400
7654
7725
2045
4030
3500
6296
4764
555
346
1850
9548
4656
1906
194
5560
6076
6013
4273
7972
4793
9284
8501
5864
8194
5128
7323
4419
1596
9312
8427
8637
2754
4878
5670
1220
746
8474
6080
4828
9995
8741
673
3858
1344
6498
161
5901
1784
6651
4650
4701
8876
8014
1311
259
6444
1347
9490
6073
2215
8190
1076
7768
2175
6846
647
9338
8528
7237
8876
6734
9890
8135
8856
557
7222
692
3520
6635
7266
7442
9264
490
5983
210
2226
2568
7189
635
843
3604
6048
8252
5843
64
8989
571
2659
3833
6388
1828
5289
394
3733
7759
219
2982
8144
8928
5421
201
5875
1846
5212
6354
1130
1492
1673
8641
5591
8292
937
8533
2394
6581
3297
3981
8449
3180
986
2354
8992
3001
9755
9874
976
556
1474
5072
1557
8861
1261
290
4298
2919
5676
9580
6975
3977
8537
9351
9403
8960
2749
163
9146
598
4849
5952
3995
3586
4964
129
4617
6640
5433
5177
4739
1787
3949
9550
1737
4967
4620
9578
9038
7443
5764
1258
6120
3032
695
9268
4793
2556
1012
7793
5631
8137
3527
4214
3668
2698
3396
9551
4109
5408
8074
5519
1783
8491
3192
2354
4523
2716
6862
5849
863
9529
8001
2581
2639
7863
2304
3786
3125
1340
2985
434
199
4404
9660
3198
1851
1789
1834
5320
485
9313
1625
2616
9815
355
9496
3206
2840
7205
1526
2296
7334
7469
5828
8923
5330
4236
5591
5563
5241
4069
9915
5001
1846
3593
7580
3015
3820
5171
2551
1898
115
5801
9164
9789
6504
3091
1810
8503
7059
1672
9592
4440
8078
3494
3380
8365
6705
9373
93
4063
8336
8831
6532
9980
6958
1200
7946
7
4199
9677
2271
5172
8552
3443
9111
8708
6865
4466
1604
184
1899
4096
8907
8070
9989
1417
5320
8788
9264
9627
7368
7586
9555
4599
8063
3802
812
7669
1440
8141
3804
9478
7594
3601
6063
8158
3250
25
4192
9346
9461
7811
47
7598
8083
7753
2365
8072
8843
4921
9318
6016
1745
6228
748
5923
1820
7791
5629
1086
8114
6774
7562
5097
4162
1461
440
2552
4444
7445
5022
8491
7792
2917
7523
764
3500
7387
2723
8839
2295
6347
5925
2746
3081
4127
6064
9819
9249
3359
9360
931
8185
5889
494
4661
1920
2347
3647
1948
5789
5099
7381
7822
6926
5739
1817
3279
9081
9228
3513
9629
4942
731
5272
9665
6108
8925
1081
8466
4363
9403
9779
1405
4603
6334
2845
6936
3990
2778
2380
5132
8339
9784
2004
3396
150
8569
6436
3264
541
6479
4866
8710
8337
9338
6075
8787
4343
927
7876
8817
2834
9567
197
307
3116
8842
7482
4398
5369
7874
5170
4986
1613
8095
7778
3059
8422
7726
5299
911
3941
5936
968
9050
1235
215
2251
6154
5010
7322
9275
2165
410
2626
1733
7232
8373
8827
9292
3769
8880
9231
2899
3871
4634
2136
7553
4529
6942
4435
731
3750
7433
9378
368
8465
2699
9704
2410
9982
17
6239
2550
8221
5300
4027
754
7433
7350
8609
1182
7130
8630
8863
7225
8744
5460
2015
9789
9040
8869
3843
1365
3973
1079
9573
9938
4418
9115
8489
1330
6646
9537
9940
430
4680
9186
1609
3601
3492
6269
9598
9853
5376
7889
1140
9114
5967
8443
2315
3176
6433
2894
8772
183
4111
5054
2605
1960
7546
6939
2058
6685
4062
3639
7563
9409
5678
8265
2933
4852
9696
9233
4053
28
8400
4599
5784
3616
8515
6591
1072
5316
5397
3409
3312
9055
9616
4564
7236
9432
3022
4081
792
4434
1034
5888
8483
5298
400
1970
3844
8573
3412
4425
7495
7784
9640
3423
4584
6062
7684
1023
6333
1891
6721
753
5724
9533
4963
5389
2543
589
557
2614
8548
1460
4788
7437
6746
2061
6079
6367
7060
7899
1191
7781
9201
1712
9618
8600
4391
3969
8759
2592
6947
9719
2110
8690
1058
1528
4464
3904
7113
4105
9022
8483
4785
3243
5084
5076
7405
3199
2248
4765
4033
9419
6600
2766
3915
3843
3053
9721
1573
6279
4659
2596
3797
9708
1540
1070
3375
5032
8382
3491
8693
8908
9249
5909
1915
2890
9044
1753
1864
5895
2229
9996
4938
8785
7141
8770
4219
8276
6389
7785
5413
7234
1384
7269
1289
5015
2003
3159
6954
7468
3724
9770
3647
2450
9260
7190
8409
375
7037
6370
5430
4562
4082
4103
3605
1106
835
1314
2149
5568
4270
5791
3703
6936
2206
4183
5638
3756
5263
7391
5416
9695
4105
6204
8816
5853
414
1584
8537
5042
840
5372
8044
5143
1734
1056
4371
461
8636
3922
1422
6504
7737
7427
4087
6794
7612
7142
1660
5023
6138
2918
3101
9962
9951
3473
550
1239
5701
335
7628
677
9756
3509
3842
7321
9550
2778
24
2562
8771
8366
6343
9389
5600
7498
5394
3073
5941
1548
2142
1080
6704
6263
1393
7979
1081
5070
2737
6901
2913
9479
2026
6932
8950
1163
1031
9608
6039
1519
8756
5530
7825
7432
1271
9322
1504
9485
100
4828
5622
7584
8042
3102
2007
2267
746
8389
6147
7109
8586
1517
9031
1267
7358
906
7638
7934
4225
785
6988
4566
3137
434
6380
668
7380
1730
1348
4694
5725
3810
9744
3800
7405
9819
7169
4092
739
5163
5811
8490
2494
9509
7874
7788
9853
2594
2606
1425
5997
103
9509
6454
2118
7795
4106
1629
7840
8439
4504
3186
6511
5839
6634
9480
3973
5825
5466
929
6519
6803
377
4763
9275
8792
9828
5214
763
6903
4090
8637
4253
1194
2458
9033
593
4432
4948
7410
1295
2727
1155
8843
5423
2275
7532
4911
1211
6786
2900
4795
9143
6594
4628
4487
5618
9654
4747
4756
2
5326
9026
8635
7368
6128
3598
9605
8906
6717
4508
5139
4066
8135
4054
2642
862
5994
2278
4504
4791
3122
2248
7246
5584
6159
1679
5345
6820
8964
7790
7231
8588
5009
1428
1477
106
6100
4360
9369
6188
2010
3259
8019
4450
1635
1031
7308
4482
8287
5943
995
5126
3765
2133
6751
6112
6597
8317
9693
413
1793
7467
1306
2902
3265
9463
9725
4029
8781
5462
5560
2651
9446
1484
2304
6809
6863
1234
7342
5220
9981
6999
3911
2006
8985
5162
9083
3669
2854
8336
6523
6694
1428
2021
2226
5813
7694
1467
909
372
2130
2533
9311
1962
1308
3282
5421
317
2861
91
9631
3296
5275
9846
7878
3424
2706
2105
1947
5908
6695
5136
5444
1055
2805
4786
2808
4158
6260
9194
2317
4918
2084
4753
9125
6235
2101
6054
9682
6169
3940
9513
7145
535
962
724
6584
6702
5913
3054
2507
2366
645
1826
8886
2369
6613
1927
6174
4659
6055
4798
7045
3469
6634
5961
5241
7270
6928
801
3591
9741
4918
7447
6788
2414
373
7390
5601
4861
9188
1274
7148
5514
912
9847
5911
658
7636
2435
431
5194
6414
3684
3807
3343
6455
7663
6510
2383
791
8568
3752
6232
6165
7598
1472
9589
6030
2056
4296
5814
6780
4744
2900
6319
6565
9700
1172
9426
9442
3381
63
5911
3150
8217
1290
2905
7607
4133
3133
7903
384
133
791
7479
340
2727
9209
7897
7351
5801
725
3403
3633
7865
4858
3160
275
9230
7481
6909
769
3232
6036
9817
1121
6745
8739
5494
1384
3030
6418
5816
6809
4368
1148
4073
7702
9704
979
1802
3806
6246
1708
6325
3765
4861
309
7740
6187
9225
3394
448
588
3347
8480
7284
4387
5830
5373
581
3116
6642
4443
9970
480
9986
9304
5444
5860
4568
1967
4272
4717
701
7794
1885
6633
7640
1994
5658
3431
4873
3855
1476
3457
5773
105
3113
4890
9730
2398
2806
7748
4434
1573
2236
5693
4911
4749
9757
7807
9148
8643
4283
4918
5594
1803
8673
4154
2287
5508
5574
6428
7154
5606
9897
6788
5926
724
9917
2302
6118
7851
5616
4382
4006
9534
6720
1745
650
7636
9241
1780
6952
7480
6401
5170
8835
6547
9613
3038
3986
2661
4609
7256
8549
2212
1298
3667
7150
304
5655
2349
2938
2945
8199
8204
54
6918
1212
4274
932
9985
7942
9910
8862
2005
3810
5012
4832
9479
6226
4747
5106
2467
4325
7290
8023
2895
7878
3423
9654
4918
6849
1551
6388
6421
2842
3982
4684
3060
9647
9248
1649
8673
2283
1154
4475
5729
3804
7919
1442
6379
1580
3751
8228
5266
4247
3019
7204
4221
9962
2603
432
4096
3378
1988
6957
1873
2897
9514
1383
6519
8778
296
5381
7281
2917
9878
5905
4075
8636
4066
5886
6056
3793
4895
8472
9968
8587
3762
5396
3149
3434
6800
8109
4579
8915
5158
8516
701
9084
5768
7773
4994
765
6482
5661
2080
2734
4996
8208
227
6216
5999
531
847
6072
2208
5481
8235
7974
1417
3129
8588
2368
6213
4519
7774
5956
784
1000
6693
9364
8051
8405
9439
9766
8155
6219
6033
2694
8963
7345
9268
7246
1520
2473
7815
5215
1528
9556
5842
6977
7119
5133
1063
2879
8606
2902
771
6311
638
7844
5258
5187
7029
8956
2126
7974
4689
3569
1288
6740
440
8292
787
3468
2667
5532
4969
1992
7277
196
4459
7916
7879
9064
5392
7888
2866
9412
9775
9522
8
3555
234
7495
3380
2911
9061
3264
9482
5788
6560
3753
5411
8075
7580
4325
8161
5615
9952
8042
4578
5870
3862
7971
5390
6392
3898
9017
6531
3830
929
9365
8029
732
6925
3336
346
3975
2112
5625
1793
6366
7788
4642
8745
5610
6536
8771
492
1559
122
6238
9206
5798
5646
7738
3454
4734
6486
9656
3043
3444
830
5272
4141
3327
1744
1493
6189
7461
7137
6870
4091
7786
8481
1497
403
4677
5338
3024
6492
4411
6459
2597
5820
6871
5238
7005
3445
5959
4231
686
6686
7814
8944
666
791
4605
8137
7851
9568
9626
6496
8036
2390
6129
9520
4733
9133
2153
3337
3157
8728
2288
2034
9491
7390
3460
1096
9482
3454
7072
4884
6479
2117
1623
5395
2871
3431
8282
4958
3227
9636
2288
9413
7738
8139
4534
798
7391
8158
2615
5463
1071
5026
4374
9432
388
9866
2359
4568
7327
2078
5526
9105
7657
8908
128
3392
7756
6403
7070
7616
4928
5930
3113
3525
8706
7879
1827
3580
8693
3673
9747
688
829
4851
8827
1807
7446
878
5287
9332
3104
928
7189
6958
9313
3270
1901
7788
8209
5447
7469
107
718
9943
6242
7721
4339
7488
167
6431
916
1187
924
336
502
6565
9848
5407
6473
1827
5535
3758
1064
7256
7473
7729
6480
4813
5960
6197
1180
2234
3740
6232
7910
6516
9608
6815
6202
2150
3010
6205
9377
3474
7308
2496
3220
205
1829
9917
4339
8330
9630
6841
5428
3734
7193
9893
9004
5139
7798
8819
5115
4132
600
5821
7157
8265
3732
8436
2965
9084
7669
417
5185
9378
9564
3319
1712
8960
1037
2809
4203
8395
1783
9299
9319
4171
4827
5092
5074
7114
7267
4570
8904
9850
3318
3687
9607
7651
3903
7690
6412
6002
7161
7002
650
4680
8681
2828
364
8631
4636
7903
8825
4529
6837
7854
4717
4422
360
8469
3306
5035
890
800
8421
8352
3703
6014
5527
6525
5482
4292
1689
8921
9144
6159
4580
616
6636
5049
8656
1704
1431
9456
2403
120
6529
1619
5476
7824
1732
5582
3693
8428
1424
5738
9596
4454
3049
8923
7137
6291
3493
1888
1044
8789
9323
9730
8395
6770
9217
3873
66
7550
9320
1762
6869
2417
5843
6393
3501
2774
4574
6738
6122
618
8837
2121
1297
2284
2282
8907
1073
7593
9944
9620
4942
205
1405
6460
2814
4344
4224
1313
4336
7125
7090
3017
7343
242
8415
2954
8872
6052
517
6655
3202
4325
769
5253
9928
8000
6362
165
8447
2832
5070
1269
7124
9723
3167
4327
3051
2191
162
2638
9825
2776
6266
3553
2591
7941
2194
3976
8983
8524
3718
7120
2284
3799
9029
3170
399
6019
1886
8309
3616
1933
785
992
6806
9456
9963
8327
4446
1610
5655
9648
5634
492
5919
7188
1400
9712
2935
2381
4869
8746
9276
1841
4195
6994
7725
3033
4994
6069
1001
831
9944
5312
6812
4013
7522
8231
208
4472
1271
5463
5170
9147
4147
9568
6323
3416
6022
6706
5906
4862
7705
244
8089
4944
8150
8073
5838
2903
5910
3469
3898
9413
1744
2836
5227
4170
1699
2550
7922
1886
9870
5855
8946
7863
4005
6688
2061
4105
3714
1720
1581
3860
3966
5931
7625
4165
1398
8680
9074
878
8185
1965
9081
9831
5055
7203
9503
604
9815
7044
9982
5750
7535
6272
5406
9789
9307
2415
6701
375
9682
5515
4686
5101
288
2388
3836
4430
976
6329
5133
3504
639
3004
3307
2441
5820
9606
8220
34
4919
2086
3776
209
3343
5100
2348
878
470
8489
2899
4346
5071
5627
9133
2054
2432
2244
8111
7330
5359
9737
8076
6983
5059
6032
26
4046
2410
6882
1441
3358
8042
7000
5528
9736
8058
8944
1266
7571
654
3723
1075
5597
8871
7300
7374
5697
8168
6592
8296
8846
6378
9108
8786
8583
9726
9750
9061
8954
8233
6096
4108
5630
7179
9564
8158
8620
1319
2101
903
9898
9215
281
6845
8665
9348
6036
9092
5212
4032
2628
5389
5518
9306
4968
585
2927
4742
6173
8464
4343
7579
7190
8035
4658
4366
5698
1504
9029
4484
7297
8064
9429
6674
334
671
9483
1945
3589
4113
7794
7434
4620
6078
3388
6715
2185
5405
1726
8072
4146
4812
6530
8200
8748
6521
8267
1529
1912
4316
482
7076
3899
5738
9986
3862
2285
9378
6223
352
538
601
7174
1210
6911
4915
4187
1545
4053
5715
2937
297
5568
7628
4839
2209
5450
1700
3252
7883
4127
1165
6223
1045
5733
6697
9179
7280
6810
8004
4595
1373
7111
4164
5191
1787
5821
3388
7344
7938
353
5197
8614
8717
817
4431
1229
3102
9647
6131
544
6484
9484
9206
4502
335
5928
975
3852
6353
7433
928
791
2904
2216
8995
8180
8863
7578
1960
4320
7887
766
2268
2778
6667
7114
7073
6161
3637
7344
4333
3893
8847
7500
5793
6153
4243
854
1263
3534
8903
5405
1024
2126
5151
145
8015
7921
5523
313
8037
9142
466
5910
6606
6394
6433
8531
2201
607
8561
3700
7569
8522
8150
3052
3280
2516
1176
9322
9269
7898
7388
9507
8502
4103
3632
5932
8731
8553
3492
3985
5083
7849
8618
5882
5091
5078
4776
317
2871
448
3078
3942
9613
6974
5689
7497
2529
276
7665
8608
702
1114
1109
7425
3896
2329
6559
1499
1889
5778
114
8413
5455
3782
4418
3991
4045
9200
8088
9429
3950
3710
6097
8753
3219
8796
1174
6728
6618
5334
9039
1672
9057
1034
4728
6753
8865
4237
6659
5268
4123
8255
3496
3389
6084
9547
8924
2596
940
5492
6444
6537
9446
7385
2507
4973
6717
4040
2237
4932
6528
4143
501
4629
2422
7671
871
6209
8719
6629
5397
4630
7949
4285
5632
8798
747
4931
603
388
4452
3378
2006
6238
2237
8661
9465
99
1389
8898
5100
1978
9180
3372
5026
16
6695
2061
1160
1433
1541
2307
8684
2477
4351
7199
8329
6141
8791
9726
1849
9320
1350
516
310
2046
8860
1516
5336
6989
9388
2872
4154
2834
8709
6825
1741
4687
6197
4137
8850
4635
4924
7236
2787
4471
621
9215
1128
3893
5116
382
2494
3976
79
5407
2400
6660
3319
2248
7013
3521
609
4299
5963
2911
3905
490
3531
1165
1233
5506
3179
1624
7183
8863
2449
9635
7165
5432
4115
2138
9285
1251
2986
4213
3700
1242
6285
842
7473
5206
3460
7299
1413
5324
5370
4083
3938
5711
1092
1299
352
8345
1511
2739
1081
519
8838
6468
8010
6356
6229
5777
2171
9359
4352
6109
955
3621
9789
1482
5871
772
4740
6123
2876
7535
8516
3181
1630
9097
8454
5684
5494
7596
1333
9021
5721
2298
9586
5386
8379
3937
3238
8550
9522
4132
9567
6007
9792
4488
5156
8480
7790
910
1627
9026
6566
6697
9506
1176
7030
7899
2434
5299
8122
975
6019
7367
2903
8013
5223
405
9118
4531
2239
7562
4058
1676
7398
4958
4334
4453
6549
279
7392
5262
8673
9474
5274
6472
9933
2948
6282
9287
12
7248
4963
4377
3273
958
2030
6954
408
9550
3137
9464
6144
4565
3889
522
6516
3057
1802
9205
5155
9336
5672
5240
5786
9923
5322
9397
8838
9797
8929
8215
2738
6663
1293
2217
8456
6746
1380
1538
4647
7477
4765
3430
2072
5941
3063
2826
6017
7937
11
4324
1316
608
9035
6841
1965
3032
4460
4317
7376
852
6599
145
9757
1163
5077
2
7875
4518
9037
5409
8928
3848
9796
9248
5506
4325
9433
8954
3524
1320
5861
8041
6345
8232
8551
3420
3373
9369
8367
6081
724
8240
640
548
3232
1978
8437
2872
7322
1835
6634
5411
5687
9500
4088
4193
3484
1983
3279
2740
8291
2895
7146
9099
8220
3621
6659
8776
7688
6867
5495
8780
425
701
1762
9096
9072
8479
8937
62
2622
1457
2767
9279
6097
4670
9455
5508
3091
9634
2875
165
7422
7618
6685
6267
1773
6557
8029
6221
6267
6205
2922
6783
7967
942
5271
6295
9969
6708
4718
5355
6498
771
2272
3715
7538
2137
6240
7831
2049
7109
7359
8733
5695
2775
6112
8599
9694
8140
7285
9728
4569
8895
7007
557
6951
7775
6943
1996
9339
2180
527
5733
6687
8327
8081
7328
2455
2605
2704
3918
1335
8852
3499
2961
3126
2846
68
8209
9873
2537
8632
2102
8658
6401
5984
8019
968
4352
6316
931
8542
6405
3844
6744
6333
3970
4398
9806
6167
2725
1329
8946
9785
6279
6615
7362
65
3337
2608
3802
8829
1227
2105
5159
3988
1146
345
2641
2994
6091
1794
8734
1625
13
3844
7313
492
9175
4051
687
4169
7104
5921
2087
5099
350
1925
79
1366
435
9470
2722
941
4344
1454
7896
1751
5645
320
6624
6105
8054
7666
6642
493
3832
4054
2702
8627
3552
5883
282
1424
8584
8698
770
9771
2982
8052
4957
4434
2324
4880
3595
9719
7993
8421
3993
7766
1008
1212
4926
7562
3002
5066
5727
5224
518
1128
5830
2457
9710
5795
5669
6621
8941
2188
4875
5521
1956
8513
8746
6438
654
2116
8692
3204
2065
2522
1417
6256
3217
3769
5145
802
3446
7763
8327
1128
3167
8903
4942
7046
3390
4782
6772
1593
5229
1127
1983
4886
894
1076
1494
1926
5695
3142
8176
261
2981
3202
4907
8966
3117
7456
9861
5
8129
215
7792
3954
9327
7992
829
9394
9006
7624
5140
9600
7854
6556
4111
9323
5490
5581
8003
5992
9547
9580
3359
9035
3340
5700
5429
2552
4143
946
58
5666
625
448
2889
2386
1868
2641
4460
991
4881
8388
4329
3469
6229
2252
5110
3219
9478
5086
5648
4303
5258
4463
7487
2334
7111
2186
2287
4717
8661
1368
9143
7644
8729
469
5775
7705
6056
416
9302
7390
2692
8542
2063
4631
667
5167
5529
9749
1882
2535
3915
406
6048
1081
4339
4103
6327
6369
4865
7917
6082
9534
7952
9040
9525
5668
9656
894
336
9255
2608
5978
9767
9101
9014
7138
164
9836
2429
6882
3671
250
9964
9290
2461
6859
7093
3687
3839
9749
104
4359
8810
3810
6302
9062
3232
9199
4766
6206
1647
25
9750
8666
6759
74
9900
9740
9623
1820
4937
7036
3409
8743
8312
2778
4313
1492
6837
3525
9047
2546
8233
3444
6730
3485
5314
803
6547
3224
3103
6208
9421
866
3723
5616
2143
613
2210
4985
8565
3099
3198
7846
5435
8132
7973
4180
1732
9116
7640
2229
2120
4268
382
8070
3055
2557
8316
6013
6626
7356
7254
2309
8731
8926
4181
8569
9375
3732
4144
1545
3024
2192
1029
8739
1647
779
1994
9311
4747
6278
9596
1089
7928
32
8423
5299
349
2339
8851
2631
9465
8651
8023
1236
4488
5537
454
2450
4332
4422
4538
3403
5771
6739
2017
3226
7392
5971
2668
9754
7776
3818
7634
1403
6936
4774
7081
1804
6746
7432
4620
1084
4926
5124
9619
6287
5214
5296
4472
1399
6054
8678
4266
5278
8195
2239
5625
9336
4845
8373
4478
3293
3611
5485
3143
765
5594
3382
2630
1843
1898
8508
6090
431
9634
512
4490
113
3673
4591
7419
9126
7745
5936
8698
709
8954
8237
9349
4822
7494
8147
2181
2998
117
9444
2534
9471
5541
7127
441
1151
8822
7347
9105
4895
6905
5935
9821
7855
5371
4471
4737
445
2089
9908
5469
2254
2065
1575
9532
3694
1255
9172
9719
4066
8565
4945
8577
8001
2263
3192
8639
7815
3418
9113
8099
3431
4212
339
798
511
2449
1911
302
8450
2297
8331
1291
6322
8334
790
1413
8277
9943
7599
350
386
9181
1147
4443
1224
2981
3599
1615
5564
957
5406
1833
7410
8747
6972
9036
9902
667
9175
7193
4597
3062
4273
6727
6959
4611
8436
859
5206
604
1392
3321
6173
8230
603
4958
8761
4331
5217
7556
9212
527
5033
1702
9747
3194
1138
4519
3929
776
9472
1762
6697
2328
3563
4925
2998
5679
8465
8875
5381
5105
4617
2971
8651
9668
3525
864
4044
8878
4559
3186
9129
524
5430
131
90
5180
4630
5853
8604
9510
5646
9458
9603
1925
8675
8378
9556
4067
4477
596
9721
1651
5578
7642
8890
2191
1071
8465
5412
5923
4753
5621
8874
1443
4197
2865
436
1455
675
9769
3947
2978
327
8005
581
504
9190
6696
9586
7690
6870
4223
1264
1620
1129
1248
6434
9995
3072
4719
6345
5971
7496
2576
1564
2795
4645
1218
4208
618
5655
1837
9677
5498
6762
6456
8743
7182
9208
2375
5119
1910
2544
4234
410
6987
9266
9777
3050
3969
3477
9179
5223
3059
5549
8871
2947
3743
9953
4560
3381
4571
9884
9019
7759
9367
691
7635
3652
3639
5889
9723
1174
8808
8409
1770
7300
2869
6520
2870
3021
8082
2218
3093
2538
1765
8493
4929
6443
5017
2176
5157
7055
2834
9894
2517
3403
2429
5463
3839
5838
3093
3852
4834
4706
4965
925
8152
1103
643
5291
8411
5966
6873
5824
6946
1574
447
7116
6451
8323
9641
853
2713
7377
7516
9670
2994
759
3260
4300
2280
3185
9531
6753
7981
1181
1436
3142
3280
8442
9075
6571
6426
740
7908
9065
6920
4520
1786
8734
6360
8486
6184
9597
7131
6462
8630
9276
2035
7347
8797
2653
3233
928
1355
5833
799
4463
1344
3277
418
7266
1335
3165
4801
6688
1833
7617
3318
8937
1210
9869
388
9001
4124
8952
5576
4252
6188
9725
6883
7340
446
7935
3546
1586
3659
8742
1788
2676
9611
5477
9988
7222
7191
9013
5635
3447
2369
7633
5431
3702
8257
7333
241
9246
1530
7006
5330
2593
9573
4229
6467
7975
2217
3928
1782
809
2355
7974
2768
448
6970
2701
6332
7784
4167
939
7692
6050
33
5914
7065
5914
742
6382
880
7809
4990
8300
3690
5018
1941
7785
7096
377
8787
9388
8258
8477
4535
5323
4889
308
8453
6086
9599
9755
6943
365
9397
9114
2571
5078
8033
7247
5765
8376
2784
2801
6755
3547
9545
7136
8576
7593
3807
1130
9378
576
99
9868
1990
5441
823
886
3137
2118
2209
4175
3599
5449
9277
9842
480
1959
7714
8732
2875
7584
6604
1798
3232
4368
9818
6088
3719
1390
7459
8624
4500
9651
1231
9139
9356
1536
3556
8571
8148
4237
7477
2577
6816
6059
5267
4466
6090
9336
5289
8442
8539
5865
5105
5315
9032
3352
844
8605
3538
6344
1207
8726
6574
3150
9424
9916
5774
7324
6786
6299
6603
7643
4847
3159
163
8349
9985
9235
512
3957
7884
9263
8486
3973
7215
4315
9202
7227
3670
7118
3621
8156
511
3357
2691
2979
9838
2735
1181
4490
5786
8632
8387
1070
2739
3022
7798
9976
9282
711
6005
5740
4488
5725
3883
5376
3496
6392
4107
6673
2950
1224
3223
2068
4238
7900
4196
9718
3439
5779
8776
7903
4244
7725
9601
1108
7448
6216
3977
401
4889
4867
781
4037
784
3633
3113
7721
3103
2893
3155
2188
3418
3678
4345
3527
9666
1231
6403
9440
7972
7102
9337
6505
4783
9021
9872
3468
4351
8924
8164
1442
7313
2560
9432
4453
7666
9959
8869
624
8936
5753
410
8412
2432
7307
6352
229
6151
968
1538
6587
3809
1579
3913
6765
358
9250
6080
3646
5879
4369
1040
7591
2374
6246
367
1468
8046
4294
4524
3031
290
9107
7457
5108
8026
8340
9221
4350
9597
7676
1653
6706
3087
2143
1586
2317
2938
4451
7072
9465
5536
4414
5294
8976
7091
6407
7769
7595
2332
4615
1253
8687
2374
2718
6839
9304
8483
9094
7759
8543
9081
9957
8480
9788
1706
3020
685
9613
4891
6352
3905
6552
1146
3141
5160
8981
355
3117
5881
3570
7889
2080
1905
5158
2892
5539
4574
7400
105
8679
5954
3450
6941
7021
9773
8332
8788
9569
5732
3046
5922
7690
3332
3890
3677
569
9201
8271
1632
9130
3950
7143
3035
914
3102
7
1024
5866
4812
5639
645
4492
8793
7303
2889
5987
1176
3993
9874
6795
2089
5642
3003
3751
5214
424
2901
9115
1178
2262
1847
6330
9238
4515
4077
3049
820
9314
2580
408
5184
8089
2977
4921
4134
5051
4438
645
2393
7673
5366
772
9308
8889
3806
2759
1158
2099
781
9989
8699
2282
1616
8801
4228
5167
5083
2880
7981
8045
4960
2306
5617
8499
3236
102
8402
8352
6417
9019
2560
2986
7483
4302
9359
4737
274
6133
9834
3551
9762
7984
6541
7885
1870
8905
7823
7549
8771
7780
1578
1907
6563
8356
2330
4112
102
2030
2008
849
437
9545
3150
1570
4215
9342
6666
5832
9214
2757
9868
9907
5922
1399
1049
2830
6717
6244
9242
3770
2604
9148
6041
2060
1823
3410
876
4200
9816
8676
2743
4818
9984
3133
4909
561
8795
5496
8864
8224
813
1896
8794
7618
328
909
5490
8279
7065
4882
8742
3916
3649
8458
4339
2809
7964
3891
4815
4459
8805
2114
9165
5312
7775
3086
7738
775
7455
5166
4128
8037
433
8958
6538
4261
4381
9569
9898
5932
1778
3897
7835
192
1861
2459
4854
4682
6532
2825
207
2000
1434
4613
8429
7125
5027
2033
7486
4251
6662
6994
4225
1030
4266
2490
5148
2790
4984
8763
6003
5750
3166
5967
8936
7108
4663
3848
1625
9608
8525
71
2510
9293
4476
917
3412
9302
9566
3943
6336
7595
6644
8122
4904
6227
1573
5874
7032
9711
531
6100
5422
5884
2568
8662
2835
4939
6996
3969
3266
8588
6908
587
7085
2799
8034
6905
616
8640
4984
3546
8583
2869
5980
2975
6519
888
8654
137
5355
9468
3183
2429
4724
6592
8848
423
1112
4448
4073
4529
1597
471
8118
5792
2131
4112
6587
3784
2178
9388
3748
2794
4328
5551
8167
4315
9006
6099
5032
390
7210
8514
9467
6627
4877
4212
9725
2898
8129
7144
990
4654
8134
2832
8683
7072
8990
9328
531
1921
1449
7315
3117
785
9589
3352
6786
4790
8043
6136
461
6622
4197
1176
2863
4398
6056
4410
5651
2637
9295
7446
2186
556
6405
6283
5999
1804
6743
7432
8101
3557
9498
1961
2454
6710
2863
999
2272
5010
6116
4067
272
3142
9231
8361
6993
4668
4398
5330
4334
8039
9980
9965
2275
5131
6658
2612
1783
4727
2439
9339
7905
9017
9190
2519
2100
2688
714
7420
8656
9881
8653
3986
321
7869
6162
3971
2921
9891
7858
8657
644
5202
5011
8465
8374
5840
5146
7916
1052
86
7381
6870
4725
906
1526
4650
9918
2962
4462
3473
3285
6493
2261
4113
3720
1800
5021
397
1332
5530
7042
924
1923
8875
7983
8390
7908
4228
5932
1284
7427
2924
9022
5161
6091
8408
5889
1799
3211
5038
4295
5683
3913
2310
6336
3002
8543
1266
2742
2142
5428
7345
3010
4037
2178
1392
9340
4924
5838
4595
682
5069
7908
5104
6825
7839
7547
6931
7610
6073
7412
9876
6366
9244
5356
2553
4405
3725
1516
8902
5566
5847
7258
6683
7669
2785
3302
6063
9615
5641
7257
389
857
1385
4325
3240
4247
5676
7883
5864
1783
4216
7121
1460
8146
2804
8912
7226
4359
2792
7049
8391
7448
9158
6055
3987
1413
7238
7639
5721
2375
9698
6420
62
2912
2842
8951
7940
3394
407
9586
6309
3183
6995
8932
4726
1359
3209
608
6969
2671
1354
8648
3629
1059
4166
1847
5005
5102
3298
6930
1165
6731
4239
6701
7136
9962
3756
3104
6564
7714
9687
9176
228
7497
5896
5897
7559
7968
4022
4383
6605
4657
2477
7935
3134
5415
3737
8805
1785
7921
8337
4751
5355
8825
2959
132
8909
8279
183
4810
8510
3606
9956
9377
3929
6538
2760
4303
4037
522
8664
8040
7977
6331
253
4633
7708
6597
3764
219
1345
2526
4408
2401
3784
9340
3458
5133
4776
8592
4796
3875
4982
2403
9150
4994
5259
693
8024
1998
3041
5831
4545
6200
4769
6102
6579
3285
8881
1585
378
4268
7815
7363
888
4831
8039
8389
2716
9243
9796
9503
5246
1265
4857
9291
7037
9911
2996
3032
1520
3930
9658
2826
2867
2283
1049
1228
9795
5853
7165
9254
4623
9536
4359
9656
939
8638
7136
469
9703
3617
7047
1709
2786
845
8375
1261
4598
6128
6627
1934
5382
1436
8901
6534
8124
5539
1770
5720
4434
3431
4074
6956
9303
7608
5844
6559
3818
3890
5870
8231
6004
1976
6769
2224
6006
8571
1660
4588
4
2925
8073
8369
9609
1700
4582
7958
5809
4276
8531
5865
8264
3017
4437
4418
9914
6321
9030
83
3157
5254
8177
8667
5465
3420
8091
3371
486
8494
4164
8270
8446
7565
7287
4514
7087
4539
7894
4310
9396
2365
9992
8163
1776
515
2153
6082
9263
840
9195
3675
8957
4971
6247
5062
4030
2881
1725
7045
7290
2846
3791
2284
3787
3848
783
2764
612
9835
7529
2172
1258
7492
2270
3280
2547
1510
2412
1281
6362
6757
9171
7063
2788
5233
6608
8175
3318
1297
8260
775
4502
9349
8231
5045
4580
143
4609
8509
6572
4072
8071
4369
3984
535
4399
4414
6320
7938
1776
8229
2577
8724
6003
6467
6817
1683
4905
5281
6573
1560
9289
147
3649
3854
62
3330
8918
9935
4795
9157
8757
2687
1547
9663
7205
2586
6701
5600
5897
644
5505
3749
2565
908
4077
3328
7789
1603
4783
2776
6872
4600
932
3899
9931
6820
2669
6502
6241
3350
9720
130
9451
8789
9551
4479
658
490
846
5923
7058
7346
4885
2074
2801
8362
9725
1430
4453
9670
4489
803
9414
1626
1125
1600
8865
5577
3573
5066
3012
8505
3525
1196
8292
7128
2116
2465
1757
7092
3524
2661
1964
2854
9476
7742
2660
5169
5092
1661
1019
6669
7464
6326
2337
914
5454
5095
3917
7213
9507
7668
2189
23
2489
8115
2744
4030
4467
8988
3130
8667
3462
8295
3344
6032
5800
3429
1689
4066
8727
3067
3946
4892
5996
2946
5110
6286
6194
9437
464
8492
3358
6900
5247
2219
4706
1445
6740
7857
3678
9883
1456
8486
9506
8839
8881
515
691
187
2459
9464
7455
7911
4097
8674
4549
9343
2231
6615
3906
2250
6754
2719
3669
7188
5934
7200
712
9111
4868
2551
8112
7890
5551
3991
8819
995
9615
6232
946
8269
1132
7065
3108
5742
2909
7824
8499
6429
3063
8490
2533
8124
6284
5571
2756
5044
4563
3580
7232
8211
3986
6487
5880
3893
9990
329
1742
1352
8821
3665
5461
1052
5393
2137
7679
2335
7503
6970
2607
5927
4393
1723
3737
658
9408
8982
4211
7426
6513
3600
9608
1315
5541
2699
3134
9843
7729
1209
3233
4099
1052
9390
4987
2584
3329
8151
1195
3252
8222
932
3888
1449
7973
132
9099
4497
4932
4525
6528
4279
8146
2833
2480
3169
1449
1362
4439
9416
2246
1635
6333
2774
1104
7308
1101
4880
3443
3293
4075
3245
872
4950
6932
411
6111
9864
5947
9771
2051
3939
2723
7245
2922
6404
4917
161
1913
4610
7013
6247
1596
2048
1842
2709
5050
7796
6374
6766
8575
1754
5677
6726
273
2801
4001
9093
2153
987
6959
7021
7656
7235
3727
9966
4002
8034
7400
2958
3890
8414
3352
3553
3329
8123
4561
7844
2465
5469
2243
4002
1327
3074
8765
853
1905
3226
6599
7001
657
5894
9921
520
8593
5938
9922
8764
2041
6436
4006
9398
3452
2641
5663
8452
5316
5054
8608
3339
5896
4152
7761
1821
1583
1740
6598
6190
496
5842
83
857
9834
2773
4998
2186
4494
9651
1142
1906
7147
3916
2896
2181
8715
5217
3609
5528
6336
1440
3948
3473
5935
9872
2895
2196
116
578
2025
6907
5168
8662
4035
2584
6163
6599
9488
1199
2992
9709
5174
8889
7230
1349
8039
9093
5663
8733
9267
6662
236
4345
3084
7722
8923
3016
1011
2758
1820
7872
8681
2914
9391
3036
2151
5644
5463
8559
2045
8008
2625
8130
7805
9401
236
9274
480
2257
1575
9857
8518
8104
4845
132
4497
2939
8824
9701
9998
7754
3128
3011
6404
9134
7391
5481
1093
2257
120
1133
8054
5334
2012
6904
2532
6732
4312
4922
5512
1490
1189
119
8175
9810
9655
6679
1330
7930
2853
9951
9787
158
5050
8097
5031
8462
189
137
5076
5450
8134
4857
7256
7248
2519
4971
3133
9762
5092
2751
6421
7165
6798
4030
3269
7500
2206
8608
821
8153
7036
8099
7486
7845
7130
5972
8299
7807
959
5840
3590
8665
3617
7988
7186
8081
9394
8349
3479
8181
2283
6748
9188
8571
2477
1483
6477
5286
6706
3851
35
5482
8231
7126
4132
315
7041
7711
7838
4187
7415
4984
985
9852
4640
8237
7240
1274
9234
5966
2382
4799
1690
3696
5571
7226
5030
6333
3725
7981
5070
3990
2834
721
7808
3940
2124
5956
182
1962
6685
8690
3751
1099
8512
1624
2474
6395
9845
7330
57
4290
9924
3341
9907
7711
4505
3330
3746
6256
9091
1270
9452
1563
1264
8527
6354
5221
9822
7601
2150
4696
2534
3887
3986
9708
6903
668
9999
8754
3635
1120
7344
62
4574
2822
2476
533
9881
199
8867
3226
5617
7118
6145
695
4717
6517
6670
7391
8356
9534
4908
9372
3764
6998
6859
7355
4243
7700
7795
3154
5381
2878
7448
3407
8245
1890
9604
3974
3730
9437
5044
2373
1723
3680
822
5493
3486
5079
1525
7787
5814
3285
7341
4633
7635
2156
8933
9084
3368
5540
6226
4886
7731
6493
3845
728
5663
8373
6993
3837
6184
9403
7146
4071
5542
9073
4672
663
3206
9693
5780
8691
8581
1239
1591
5642
4956
9560
3983
220
8536
6616
8941
4870
2154
9713
5011
8947
4920
5475
2612
4347
5582
7579
49
9070
8064
9843
4388
6632
8595
1809
8404
3931
9515
3785
7591
7026
3439
9760
6839
6060
5739
5645
1864
6133
6802
3955
2416
7176
3035
770
8638
4102
8615
8398
4074
6112
3317
7872
5057
9177
5593
5752
6168
9376
910
8757
4123
6180
9620
4671
8716
2460
1892
9789
5712
7503
8663
4112
1054
6850
2985
5416
6632
7856
2108
5698
1450
2927
944
5052
3147
7543
8774
695
9267
7878
6844
5058
4692
5450
7355
4187
8426
9592
3612
9350
3511
5857
4961
1357
1992
1429
5662
8792
3132
9552
1249
263
6161
1132
1881
567
1311
391
1898
2680
404
604
7319
773
101
996
4118
371
4589
5978
5779
1229
3550
1029
5765
6678
2668
7196
1683
9428
7073
2315
5919
9420
7859
7110
1930
7951
349
8923
6071
4418
830
6958
4151
4177
9252
5107
3240
7165
3163
3440
5264
3342
7611
6373
6120
3640
3285
3985
2385
2616
1913
547
8285
8371
1517
9824
4832
2766
3971
6745
6433
7531
7598
6435
9807
2230
1054
3738
7305
3117
5582
2409
8793
7753
3377
1685
4881
8817
3725
1812
9826
5376
4075
5414
6528
3528
793
4735
8599
9924
5642
5612
1019
4838
3437
6539
6811
5512
2772
5947
3687
1172
9079
2450
2890
4113
9480
7226
3879
3099
2064
5218
9698
4753
862
5
7989
9647
4198
2756
6707
5672
908
2369
6589
2593
1609
5113
7675
1548
2793
1857
4205
153
4110
1303
8376
7850
9980
2330
2793
6203
2971
5781
8412
9492
7434
9209
65
9989
3532
6484
937
4811
7819
8183
5220
8577
7178
8797
5737
4384
7035
3062
5813
7544
1293
3563
2256
1333
4917
3867
639
6064
2871
5275
7409
1247
9348
6019
7754
8063
9946
8212
7706
5091
7096
8520
2489
3721
2124
2331
6560
6742
9790
4700
5747
6433
8055
3637
5944
5459
6916
5142
2688
6061
6974
5068
173
8746
3087
1525
763
898
3787
55
3329
4381
4766
8783
6540
1471
1982
4458
5094
4312
8945
2444
9100
3255
1479
7053
4322
7809
9628
3512
3562
7189
3440
8909
6542
7771
4455
5012
5370
2390
3990
6532
3838
1249
7031
9146
3338
4832
5995
7800
7432
1442
6672
6517
4478
6280
9248
416
1459
9293
162
4839
2235
8051
9257
1878
9767
3942
4317
4931
9107
262
3174
4611
63
5424
7166
4903
4724
5072
6932
3092
7004
6789
2527
5882
5550
5308
693
6339
7712
9391
72
1368
6812
5171
2799
3790
2778
6276
1853
5968
5178
7804
245
9717
642
9142
6530
4207
8123
8474
9766
9415
9452
1203
4761
9741
4095
281
4523
9431
8373
8826
7249
9262
4127
3655
7880
6021
4496
8000
7989
6706
1307
4766
8441
6367
5809
7209
4569
9814
830
2785
6732
9301
4094
5622
5467
8868
1425
1311
9356
7226
35
8995
3392
9796
373
4677
810
150
9973
3672
8574
9530
4728
136
648
7348
6861
8645
482
9982
732
6919
6964
6132
3542
1250
7382
8314
4753
3455
6533
8288
3861
3929
4268
7423
6778
9065
93
1531
5758
6349
3159
9167
1960
4654
5254
6163
8394
1951
4921
5968
8930
4899
3187
6907
8932
477
7246
1922
9863
1414
8735
4764
8399
8876
9070
4073
1275
3292
7627
21
7832
8013
3524
6175
6130
5288
115
7640
4605
7968
9939
1715
9853
2643
6598
3979
6138
8479
1541
9415
4528
9930
8648
191
5049
2115
215
7293
2241
6711
8933
8805
3598
1275
5887
7422
3312
1126
7601
1601
9438
4332
9078
2913
634
3588
3292
3648
8758
3162
2083
6712
8535
2000
5929
1876
7979
8494
3338
3175
2538
6473
8641
8865
1999
6629
1985
6478
566
8857
8589
5965
9139
961
800
8802
6808
3032
4568
8279
7412
3431
1534
5069
7645
2740
5452
1275
4024
6328
6908
7847
8164
2952
3302
3060
7634
1661
4239
7921
3263
7533
1504
3013
3114
64
3676
1567
4381
7583
2578
5133
5687
2376
2395
3443
3321
8968
4748
5229
5477
668
7501
2036
3914
4448
9172
9538
2862
9016
3095
569
9713
7337
5811
5709
6914
5384
6861
2401
5425
682
5344
7429
3411
2306
6808
3548
2692
9904
997
4932
9322
1472
112
906
1422
408
3748
9409
9244
9461
5536
3514
3438
9569
821
7935
6507
1455
5268
9298
8435
5211
9314
780
4773
6633
289
7214
4552
8980
6990
5373
5617
8966
8891
8781
3700
5122
1534
627
9366
4591
1504
7403
3119
2016
9374
4064
6169
2198
9038
9580
9280
5006
5435
4613
9260
448
8573
2641
3923
7963
1826
6583
3763
4102
9865
7464
4788
9052
4939
3122
4891
4334
4242
849
7992
1500
4329
6974
289
6450
2065
8040
5518
9933
735
5105
3614
4173
4692
2176
7843
8116
9832
4292
2697
9700
9420
4270
493
5137
1028
5049
9993
4370
279
7232
7221
5708
3503
1395
5501
8258
814
2500
1103
3141
1696
8212
4015
7717
8716
3964
6766
5892
7412
2634
7206
6775
5507
3921
815
4709
6270
6394
2573
9179
1016
6552
6511
3091
3295
6485
7973
6285
2924
6430
8918
990
4505
6633
4154
963
8124
9060
6754
4494
32
5883
2202
9003
4240
8495
5618
9846
9307
7423
5221
4456
2894
5035
27
3031
7468
3898
3344
510
9838
4558
9398
9256
9306
845
6197
6709
7472
8167
3543
1623
842
3763
1799
13
3153
162
264
5668
6620
9784
4056
1999
6876
8187
4634
6288
2323
6102
6789
7361
5260
2450
8209
2290
3948
2045
941
768
7648
6785
9165
7606
6842
5452
2706
9551
3702
2923
9909
8268
9539
1159
6428
4297
4009
7298
6531
9563
2225
3087
8861
1574
2205
8644
9614
7000
3185
9958
9349
2837
2860
3452
3837
4580
5497
1664
6585
6194
6918
4230
8540
7160
8246
7406
903
9300
2916
412
173
4116
4233
9942
1809
5019
605
28
5596
5538
2610
2644
7848
1951
9773
980
2547
3564
4735
9585
8135
2147
2746
8446
1735
5863
5043
1927
3693
8731
3862
1001
4505
3911
9439
3848
6379
3911
5858
6722
947
5990
4961
1661
5011
7227
1904
1356
8914
8055
4996
6949
2117
7462
8448
186
6835
7850
2093
6146
8187
8621
4918
1609
9241
8002
8231
9674
3934
6210
329
4935
3069
2881
1266
9637
7591
6323
246
3957
5863
757
8436
7795
8890
6548
8450
7028
3367
1313
9604
281
9556
7570
4923
1895
5624
1720
4777
6639
8388
132
7230
3716
5410
4815
6269
4230
2374
7374
6623
9344
992
543
456
3295
8146
8216
5174
64
4873
1560
419
1394
4780
3326
3702
4335
8855
7307
7459
8909
2584
6337
9936
3584
2721
9699
4158
1034
5036
7620
2421
1548
1443
6162
1731
4847
740
1715
8682
7009
7426
6883
7274
1253
9707
8463
3697
7717
6934
430
5378
1018
6702
2923
8574
9582
7379
1786
3969
8684
6278
416
2579
7964
5478
3736
9145
8558
7046
3637
1680
7688
2684
7442
6296
2625
605
547
7968
8113
7308
9577
3724
6481
1025
349
4922
3484
4711
6856
9191
3260
162
6411
5577
5827
9132
9701
9215
5075
5965
6424
4060
1622
1363
1740
4120
810
8090
783
5402
7532
5714
4401
4416
4615
9379
5796
1866
904
39
5754
1419
6406
6280
7655
8438
4169
5105
681
1634
1251
9099
8112
4882
7394
6779
3971
5865
7178
6290
8547
8991
9328
8559
6250
1781
422
8071
8823
9731
6119
6256
7572
1581
8232
2052
6552
7904
5492
9758
2937
5172
3458
6444
3893
2839
4741
5557
1907
8313
2517
4524
9227
9245
7905
2007
4184
6019
4949
9117
8997
1276
9032
6009
2037
7176
9574
9174
5616
9744
1980
250
5415
249
955
9588
6253
9104
7909
220
2444
257
737
6962
2103
4201
8297
9598
6237
6935
2184
8000
5103
498
7392
78
3513
8899
8480
2980
8613
584
8746
7037
6324
2832
3466
4543
8490
8722
8717
3877
7310
2967
4336
4895
416
2686
5540
8247
9840
9757
4454
7266
1226
8918
6861
7445
70
8826
3315
3168
7913
9801
6010
6304
1966
5621
8035
1762
8715
9040
2026
9801
9739
4166
290
6438
7402
7810
7359
8889
117
3943
9221
3903
4914
5229
4264
8526
5682
2028
2909
2652
8319
1233
4665
9222
470
3933
8168
5295
7993
4708
6852
3944
9964
2099
2204
3387
3745
9640
1703
324
5915
1053
3553
8668
5533
7128
7862
5728
8909
6381
211
4798
428
4738
9170
4654
7401
3203
5001
7399
4484
232
6523
8346
6456
5055
2262
3063
5157
2319
6052
550
1204
6328
4622
342
35
2757
7711
6760
6071
8522
9699
8684
6046
7872
3721
9197
2849
5723
8100
4608
199
4278
4312
7229
7094
6907
3119
9877
7996
6633
2216
9508
5060
7941
703
6855
8219
5044
8348
3153
7718
2633
9420
3820
8996
6759
6978
5091
854
8488
6431
8208
7592
6495
8310
9403
5288
3147
4983
3243
5498
7133
6463
6492
9674
5233
4193
2318
7945
1812
3533
8398
5097
2950
1091
374
8082
6504
265
4776
4955
7021
3771
6176
5440
3594
6856
4634
4599
2626
8653
377
2000
6325
6628
7573
7305
4499
4627
9401
1876
183
1323
84
3419
8765
4507
6605
6561
1440
8305
2278
6358
1914
9699
1356
3021
9780
2152
2866
3750
8354
7382
3586
2241
7767
3271
592
1028
5126
3987
8752
4550
4957
8616
3678
3824
6297
1811
5254
834
2350
1864
8600
5824
7906
3084
809
8902
1953
7772
5508
8421
3987
9966
5515
708
9162
2689
213
1346
2322
4950
6156
4171
416
7181
6355
5821
3073
5678
2865
3462
1512
4395
8304
2947
9632
7831
5601
2095
4480
9635
2924
3429
333
4671
2052
332
4853
4417
567
4260
8578
1628
5090
5328
6502
2334
7652
1139
9716
5037
8981
4355
1738
7697
3884
3967
107
5196
281
6208
3055
1956
6212
2893
3638
9810
5693
4960
8741
8664
7948
3877
675
7244
975
7729
6345
7235
1363
5963
1219
3328
8511
4379
7905
9222
2766
1376
1145
6410
9095
441
5075
8807
4545
9546
8784
8066
1616
3688
6838
4252
2638
8920
7105
4080
3112
50
3881
4079
6075
9753
4844
8941
4371
2747
3321
5252
4455
6993
9389
7338
125
1554
553
9677
5372
1361
2971
1611
4727
4991
5527
7586
6307
6165
9941
5627
7398
855
423
2362
4705
3299
5321
3177
4592
4981
3919
6434
2619
8193
556
7524
9230
4115
2599
6863
3923
5784
2593
7630
5041
4223
9823
5939
6735
751
3764
7878
5052
8400
4221
8790
1131
908
1736
2622
8804
9718
7450
8505
339
2036
5058
7196
5589
7697
3014
2560
6015
8621
5913
9873
2819
2798
3162
621
9260
9430
5421
2977
4107
2697
5569
2774
7408
3081
5199
2151
9964
5823
9898
8932
391
4938
4953
9699
4927
5231
6833
496
5581
7800
1888
7837
9104
3178
9927
8958
9397
6358
7983
4119
8589
8203
908
6024
1155
5233
7035
7124
8174
2976
6629
5117
2155
2757
820
1412
4348
6321
931
7984
3165
7798
3691
6538
3277
8612
2274
4990
3305
5709
3088
762
5561
1982
7234
5763
9122
9718
2547
943
1372
6870
8925
9417
6795
1323
1959
8300
2617
2346
7761
3275
1302
8793
8617
9840
5548
7447
3578
4800
585
9478
9518
403
9593
3073
353
2693
233
4978
6432
9045
2311
3828
9030
983
7998
4594
2427
9606
8068
1998
7537
2979
8223
7180
7440
5333
5391
2515
925
8158
6083
2984
8633
1779
2544
716
8796
571
5552
127
1771
420
6616
1424
4465
4762
3290
6229
848
3017
8221
7258
520
2296
8893
4465
5302
5639
8447
4206
4076
9985
9994
2613
527
4698
5696
2022
3668
1330
7576
4461
7159
3377
4822
7229
6345
1
4861
7914
5859
5449
1008
6083
9982
7910
2624
7202
96
5392
3672
9568
7395
3603
1106
6355
6133
8420
572
9225
2933
5212
3546
9182
5040
6188
1907
7821
4605
2409
770
2401
959
2191
7685
4706
4882
6912
5909
6399
2056
2006
3315
4032
3991
1405
5846
9805
7990
5499
7923
9414
2537
5639
8299
3504
3877
4085
9091
623
3722
3491
6660
9287
5411
8175
4304
4414
2310
2459
7021
405
2198
6277
4640
6644
4253
4951
4701
7704
3889
9303
6627
3261
18
7303
6694
7099
2338
2914
6335
7768
1757
9613
1138
1627
4021
2660
1002
4758
4695
5617
7842
1344
8204
8010
3558
1416
72
3486
9552
7316
6455
2275
678
646
9539
9395
3419
5654
1479
4070
6262
7882
9519
4693
7350
7594
7664
6549
8990
7771
7350
2354
5024
6486
6429
757
2780
3808
8454
9632
7999
9947
2186
4940
7914
9982
9471
9790
6002
3087
3344
9245
281
6664
4990
3147
6774
9834
6009
322
7150
4452
6440
4689
6219
2395
7490
6219
8370
7987
1083
2593
1870
9649
1705
470
6421
3338
6704
9814
4937
5024
7169
6727
6944
587
8055
6553
3115
5264
5514
1744
5509
9301
3394
5928
6691
4908
5234
6232
4763
496
9729
3895
8855
7424
8559
4537
1174
1284
7884
217
9977
121
8568
5308
408
2321
3272
412
8101
5698
9800
6918
118
510
5750
5367
6801
3440
9517
1770
9808
1702
2644
983
632
6886
7476
6918
9309
4316
326
1592
2535
9909
8328
1499
5632
1244
8859
3712
5023
3498
9016
7903
7312
9069
8263
1604
859
2192
8347
9850
344
146
9128
2924
7530
9001
9223
7181
7416
7012
2382
4928
4472
1203
2307
3896
3262
7654
9405
8503
3818
4090
4150
8220
8432
5507
3867
8908
4437
5236
3908
3757
7189
5541
1077
2750
1745
2246
494
3767
8708
4332
3761
4303
1642
5474
8514
4336
669
3647
8973
1963
6716
2343
974
4370
82
8804
612
3943
9084
2874
8427
6071
722
7151
4324
2633
3129
4852
3193
9444
8966
8289
8863
2034
5588
4763
9761
8686
8506
2680
552
6781
2573
1091
4727
1747
8588
7222
5554
4971
8239
7362
817
2314
261
2710
5176
4358
7260
6368
2920
3205
6909
3763
2359
4614
9743
7342
1205
835
5310
5133
3874
4679
2085
5403
6617
2658
288
2616
5947
5726
1394
6739
8824
5008
193
7859
8529
2276
9291
5082
5578
4124
225
7243
6004
3874
7803
8785
3161
1087
5942
5228
7687
4826
1359
4008
363
8053
8662
3793
1807
4250
8979
8876
6697
5970
7643
2930
8766
1614
592
4215
105
6397
8569
6610
6472
9968
6516
5263
1431
9438
7317
3024
5623
452
3477
8864
2129
6707
8587
284
2098
7667
3623
689
1465
3165
7124
8208
8783
1874
9443
7223
5376
4249
1607
9535
5192
7304
2444
2138
285
6882
1014
8691
3957
2256
4730
6610
9976
7329
3527
7120
4601
5171
3449
1862
9352
687
7814
9261
708
6475
3996
4148
7909
447
2931
5645
6128
4270
2117
9006
3709
6452
5503
8949
7702
1373
2270
4353
7857
3010
6577
8294
2658
2415
8961
483
8908
8640
9605
3591
5474
7094
5533
9186
9374
5566
8804
2812
7382
7288
2110
2430
7715
8619
88
4355
6184
2214
6327
1406
3767
7353
5518
7621
2901
9303
7097
6663
155
3203
2580
9365
4518
5172
9718
7149
5835
7560
3071
1774
8310
766
2531
452
2667
9984
601
8832
7571
5933
4646
8452
5586
8748
3830
387
3349
9043
3947
7188
2876
6708
7602
8097
653
4918
2411
1634
2925
7757
2407
4968
3131
5362
2706
7306
2143
9023
319
1717
7628
1480
7655
1335
8277
1906
9699
3967
1102
327
4434
8866
9203
3329
5192
398
5014
1888
1711
4848
2030
9249
8698
3271
2990
8714
9115
4873
2707
5109
8890
8399
1378
3818
3737
2876
1214
6846
7002
7695
4316
4358
1196
3362
7560
8405
3575
9383
9191
9216
4977
5774
5944
7875
2874
462
2640
7539
7314
3006
318
8313
1121
6961
1110
9471
1589
4189
4175
1949
684
832
1880
614
509
7822
3138
4408
1856
535
9471
7580
7497
1240
8036
7256
8013
5039
3178
4727
9525
2649
4280
5686
1263
4259
8364
6142
8999
7135
8286
5013
7529
3003
8977
1314
3328
9684
5770
1544
4542
2743
8940
753
7720
6844
1773
1128
795
3670
9018
7922
5003
3099
2083
3538
6166
8264
3916
9541
5475
8711
9216
4483
8809
5281
4222
8610
9232
5336
3273
9575
5224
2579
9507
9115
7741
2786
6555
5331
5812