462
152
413
259
269
290
283
210
424
272
486
473
199
354
55
416
368
408
152
349
344
278
418
252
306
239
20
343
153
49
306
326
297
406
428
286
134
483
119
497
99
169
382
500
315
129
68
114
186
40
296
111
232
261
457
323
283
106
418
248
88
323
274
328
7
417
468
468
22
234
84
422
95
216
228
121
402
350
5
37
251
78
219
53
157
14
199
51
447
361
268
44
223
11
433
441
125
387
318
417
363
286
358
97
302
293
295
458
93
164
83
24
110
11
48
408
177
249
2
338
126
119
344
203
148
238
349
108
106
48
413
197
457
12
3
184
79
173
217
246
300
205
182
323
10
398
30
268
156
22
296
384
169
404
326
205
48
438
207
83
271
174
468
155
259
466
68
369
333
111
29
460
388
61
103
128
210
467
339
469
393
385
30
355
199
70
262
376
385
415
92
264
247
10
161
200
179
118
344
273
442
389
169
345
76
470
170
145
381
438
135
438
333
68
353
242
451
407
136
442
484
413
462
313
222
241
335
429
73
428
362
9
54
75
51
313
151
145
487
24
72
67
301
310
425
421
17
162
78
280
469
136
366
228
119
225
435
154
84
220
468
187
150
350
239
1
51
273
456
208
53
367
177
448
461
248
356
460
235
15
379
68
450
403
149
50
180
469
432
97
325
133
311
303
11
348
29
459
272
6
394
111
381
236
95
299
157
435
65
475
88
333
383
171
400
128
264
31
14
487
268
362
398
269
263
251
277
414
180
109
333
297
336
196
327
266
216
88
281
194
308
76
426
204
96
346
169
146
68
131
90
65
262
37
276
173
196
94
142
147
104
295
395
11
107
267
225
84
31
33
124
3
132
390
452
450
292
416
254
84
381
366
256
319
30
467
46
423
381
490
239
174
287
444
375
304
139
434
346
80
63
95
372
464
169
228
153
426
301
67
376
408
169
440
318
61
72
233
451
452
468
392
446
444
177
355
55
339
322
10
177
176
131
184
78
262
212
122
483
124
272
105
347
323
441
78
426
331
127
335
414
254
20
446
352
293
193
218
353
292
440
413
437
81
434
437
10
107
89
338
11
236
274
390
19
411
288
484
72
394
148
457
28
320
49
302
341
378
438
72
53
307
348
150
123
90
167
180
389
418