500
497
494
491
488
485
482
479
476
473
470
467
464
461
458
455
452
449
446
443
440
437
434
431
428
425
422
419
416
413
410
407
404
401
398
395
392
389
386
383
380
377
374
371
368
365
362
359
356
353
350
347
344
341
338
335
332
329
326
323
320
317
314
311
308
305
302
299
296
293
290
287
284
281
278
275
272
269
266
263
260
257
254
251
248
245
242
239
236
233
230
227
224
221
218
215
212
209
206
203
200
197
194
191
188
185
182
179
176
173
170
167
164
161
158
155
152
149
146
143
140
137
134
131
128
125
122
119
116
113
110
107
104
101
98
95
92
89
86
83
80
77
74
71
68
65
62
59
56
53
50
47
44
41
38
35
32
29
26
23
20
17
14
11
8
5
2
499
496
493
490
487
484
481
478
475
472
469
466
463
460
457
454
451
448
445
442
439
436
433
430
427
424
421
418
415
412
409
406
403
400
397
394
391
388
385
382
379
376
373
370
367
364
361
358
355
352
349
346
343
340
337
334
331
328
325
322
319
316
313
310
307
304
301
298
295
292
289
286
283
280
277
274
271
268
265
262
259
256
253
250
247
244
241
238
235
232
229
226
223
220
217
214
211
208
205
202
199
196
193
190
187
184
181
178
175
172
169
166
163
160
157
154
151
148
145
142
139
136
133
130
127
124
121
118
115
112
109
106
103
100
97
94
91
88
85
82
79
76
73
70
67
64
61
58
55
52
49
46
43
40
37
34
31
28
25
22
19
16
13
10
7
4
1
498
495
492
489
486
483
480
477
474
471
468
465
462
459
456
453
450
447
444
441
438
435
432
429
426
423
420
417
414
411
408
405
402
399
396
393
390
387
384
381
378
375
372
369
366
363
360
357
354
351
348
345
342
339
336
333
330
327
324
321
318
315
312
309
306
303
300
297
294
291
288
285
282
279
276
273
270
267
264
261
258
255
252
249
246
243
240
237
234
231
228
225
222
219
216
213
210
207
204
201
198
195
192
189
186
183
180
177
174
171
168
165
162
159
156
153
150
147
144
141
138
135
132
129
126
123
120
117
114
111
108
105
102
99
96
93
90
87
84
81
78
75
72
69
66
63
60
57
54
51
48
45
42
39
36
33
30
27
24
21
18
15
12
9
6
3