500
495
490
485
480
475
470
465
460
455
450
445
440
435
430
425
420
415
410
405
400
395
390
385
380
375
370
365
360
355
350
345
340
335
330
325
320
315
310
305
300
295
290
285
280
275
270
265
260
255
250
245
240
235
230
225
220
215
210
205
200
195
190
185
180
175
170
165
160
155
150
145
140
135
130
125
120
115
110
105
100
95
90
85
80
75
70
65
60
55
50
45
40
35
30
25
20
15
10
5
1
2
3
4
6
7
8
9
11
12
13
14
16
17
18
19
21
22
23
24
26
27
28
29
31
32
33
34
36
37
38
39
41
42
43
44
46
47
48
49
51
52
53
54
56
57
58
59
61
62
63
64
66
67
68
69
71
72
73
74
76
77
78
79
81
82
83
84
86
87
88
89
91
92
93
94
96
97
98
99
101
102
103
104
106
107
108
109
111
112
113
114
116
117
118
119
121
122
123
124
126
127
128
129
131
132
133
134
136
137
138
139
141
142
143
144
146
147
148
149
151
152
153
154
156
157
158
159
161
162
163
164
166
167
168
169
171
172
173
174
176
177
178
179
181
182
183
184
186
187
188
189
191
192
193
194
196
197
198
199
201
202
203
204
206
207
208
209
211
212
213
214
216
217
218
219
221
222
223
224
226
227
228
229
231
232
233
234
236
237
238
239
241
242
243
244
246
247
248
249
251
252
253
254
256
257
258
259
261
262
263
264
266
267
268
269
271
272
273
274
276
277
278
279
281
282
283
284
286
287
288
289
291
292
293
294
296
297
298
299
301
302
303
304
306
307
308
309
311
312
313
314
316
317
318
319
321
322
323
324
326
327
328
329
331
332
333
334
336
337
338
339
341
342
343
344
346
347
348
349
351
352
353
354
356
357
358
359
361
362
363
364
366
367
368
369
371
372
373
374
376
377
378
379
381
382
383
384
386
387
388
389
391
392
393
394
396
397
398
399
401
402
403
404
406
407
408
409
411
412
413
414
416
417
418
419
421
422
423
424
426
427
428
429
431
432
433
434
436
437
438
439
441
442
443
444
446
447
448
449
451
452
453
454
456
457
458
459
461
462
463
464
466
467
468
469
471
472
473
474
476
477
478
479
481
482
483
484
486
487
488
489
491
492
493
494
496
497
498
499